# Data for CCAM																																																																																																																																																																																																					
# y																																																																																																																																																																																																						
1968	1969	1970	1971	1972	1973	1974	1975	1976	1977	1978	1979	1980	1981	1982	1983	1984	1985	1986	1987	1988	1989	1990	1991	1992	1993	1994	1995	1996	1997	1998	1999	2000	2001	2002	2003	2004	2005	2006	2007	2008	2009	2010	2011	2012	2013																																																																																																																																																									
# a																																																																																																																																																																																																						
1	2	3	4	5	6	7	8	9	10																																																																																																																																																																																													
# logClower																																																																																																																																																																																																						
17.07733	16.87173	16.7917	17.00516	17.08062	17.35685	17.5603	17.02526	17.05124	16.92951	17.05152	17.22484	16.91272	16.77541	16.61145	16.80079	16.66801	17.2121	17.16433	17.12941	16.99569	16.85304	16.89696	17.06971	17.08819	17.10062	16.8519	16.7229	16.86122	16.8745	16.75679	16.68879	16.69785	17.01312	17.36648	17.62022	17.79948	17.82796	17.80375	17.79321	17.20568	17.55869	17.47228	16.26081	15.68238	15.96331																																																																																																																																																									
# logCmean																																																																																																																																																																																																						
17.27244814	17.1065072	17.04376314	17.21345286	17.27515551	17.50777484	17.68510064	17.22980943	17.25103359	17.1524765	17.25126044	17.3953456	17.13905588	17.03112745	16.90658262	17.05083681	16.9489896	17.38460825	17.34456348	17.3154861	17.20577194	17.09175838	17.20015999	17.32619365	17.33622916	17.34167395	17.14649909	17.04629518	17.14849236	17.15869472	17.07165465	17.02273972	17.02948376	17.26709187	17.55264384	17.76861626	17.92587943	17.95188943	17.93235525	17.92492331	17.43448914	17.72697641	17.65684788	16.66627699	16.08784032	16.36877699																																																																																																																																																									
# logCupper																																																																																																																																																																																																						
17.43564	17.29651	17.24491	17.38575	17.43794	17.63888	17.79604	17.39954	17.41748	17.33468	17.41767	17.54097	17.3235	17.23459	17.13417	17.2507	17.16809	17.53169	17.49722	17.47231	17.37929	17.28433	17.4325	17.53014	17.53481	17.53576	17.37377	17.29027	17.37139	17.37974	17.31076	17.27265	17.2781	17.46945	17.70953	17.89781	18.03808	18.06214	18.04629	18.04129	17.62057	17.87098	17.8126	16.95396	16.37552	16.65646																																																																																																																																																									
# crl																																																																																																																																																																																																						
43062	5692	20277	7156	1	9176	8618	14206	1686	740	2	204	6	6145	2145	244	60	357	363	1291	117	2399	390	646	628	117	672	10603	2505	5083	1927	1348	28460	8215	6088	3763	27524	17391	31651	2968	23622	38026	5402	2288	193	346																																																																																																																																																									
7157	26359	3654	7389	136	20624	24340	24905	21171	7136	182	480	1455	2836	5899	1622	19774	511	4282	3118	703	8862	6222	6106	2627	4900	231	14206	8050	11823	18525	4463	2689	60111	3832	4381	24574	42971	14756	31233	8120	24443	31923	1230	10775	3651																																																																																																																																																									
10343	18057	33584	1702	4401	9649	26703	13049	27110	22566	3831	1189	2156	5143	1609	2459	14060	23790	3259	3358	1028	1276	9737	17808	3014	8493	3896	698	7052	10923	9977	14625	1800	11234	70334	5832	6017	24381	41630	22784	25964	6613	28384	11611	1969	11601																																																																																																																																																									
7393	2027	8047	35931	5541	9333	14602	11636	10982	11319	14733	6615	1463	1183	5004	915	1413	12844	40844	2288	1932	937	1457	9560	14148	4497	5905	4674	1013	4604	9560	7509	5465	2482	6047	73840	4753	4007	21769	43885	8655	28416	3829	6091	3142	735																																																																																																																																																									
2819	929	2496	7620	24826	13972	12594	7052	7740	3683	11575	17202	5087	1656	715	4012	781	1252	11522	27133	2481	1541	888	1212	8630	13011	2856	4093	5380	638	4291	4698	2869	4184	2275	8480	56010	3807	3765	11105	12703	6363	13988	639	332	1549																																																																																																																																																									
1349	855	451	1753	4975	22293	12417	7526	3868	2570	6358	12321	9833	4669	1609	478	1551	656	933	5692	24769	575	966	762	1411	7686	13672	1768	6519	3709	505	2049	2941	842	2136	1123	2457	40391	1917	2471	1631	9425	2033	3100	34	97																																																																																																																																																									
721	1099	425	2203	5248	8317	15377	5456	4922	809	3157	5590	6148	7743	2623	946	339	2197	485	232	4493	20957	639	1052	733	1660	5977	5757	1622	3081	2432	478	458	870	538	1199	1322	1680	17117	1328	633	358	3286	336	113	0																																																																																																																																																									
1658	440	1578	1526	77	2771	4053	3917	3977	1443	1649	2282	2692	3309	4828	3119	479	289	635	183	227	2693	16765	849	1048	651	929	2281	7094	545	2024	681	65	144	407	32	606	746	448	4819	218	127	83	474	7	0																																																																																																																																																									
10425	462	1645	1879	546	837	1714	825	3123	897	1402	1702	1604	1595	1549	7770	2022	551	117	83	131	369	923	10964	884	699	244	203	1806	4212	412	663	195	33	48	5	9	81	36	39	1033	5	1	25	1	0																																																																																																																																																									
97	9656	4335	5517	6833	1603	1749	581	1165	1721	2497	2457	1998	1892	2504	3601	5640	7605	1915	716	572	781	277	557	11142	6882	2925	590	893	785	1472	354	371	371	73	0	0	45	0	7	9	482	132	40	0	0																																																																																																																																																									
# M																																																																																																																																																																																																						
0.2	0.2	0.2	0.2	0.2	0.2	0.2	0.2	0.2	0.2	0.2	0.2	0.2	0.2	0.2	0.2	0.2	0.2	0.2	0.2	0.2	0.2	0.2	0.2	0.2	0.2	0.2	0.2	0.2	0.2	0.2	0.2	0.2	0.2	0.2	0.2	0.2	0.2	0.2	0.2	0.2	0.2	0.2	0.2	0.2	0.2																																																																																																																																																									
0.2	0.2	0.2	0.2	0.2	0.2	0.2	0.2	0.2	0.2	0.2	0.2	0.2	0.2	0.2	0.2	0.2	0.2	0.2	0.2	0.2	0.2	0.2	0.2	0.2	0.2	0.2	0.2	0.2	0.2	0.2	0.2	0.2	0.2	0.2	0.2	0.2	0.2	0.2	0.2	0.2	0.2	0.2	0.2	0.2	0.2																																																																																																																																																									
0.2	0.2	0.2	0.2	0.2	0.2	0.2	0.2	0.2	0.2	0.2	0.2	0.2	0.2	0.2	0.2	0.2	0.2	0.2	0.2	0.2	0.2	0.2	0.2	0.2	0.2	0.2	0.2	0.2	0.2	0.2	0.2	0.2	0.2	0.2	0.2	0.2	0.2	0.2	0.2	0.2	0.2	0.2	0.2	0.2	0.2																																																																																																																																																									
0.2	0.2	0.2	0.2	0.2	0.2	0.2	0.2	0.2	0.2	0.2	0.2	0.2	0.2	0.2	0.2	0.2	0.2	0.2	0.2	0.2	0.2	0.2	0.2	0.2	0.2	0.2	0.2	0.2	0.2	0.2	0.2	0.2	0.2	0.2	0.2	0.2	0.2	0.2	0.2	0.2	0.2	0.2	0.2	0.2	0.2																																																																																																																																																									
0.2	0.2	0.2	0.2	0.2	0.2	0.2	0.2	0.2	0.2	0.2	0.2	0.2	0.2	0.2	0.2	0.2	0.2	0.2	0.2	0.2	0.2	0.2	0.2	0.2	0.2	0.2	0.2	0.2	0.2	0.2	0.2	0.2	0.2	0.2	0.2	0.2	0.2	0.2	0.2	0.2	0.2	0.2	0.2	0.2	0.2																																																																																																																																																									
0.2	0.2	0.2	0.2	0.2	0.2	0.2	0.2	0.2	0.2	0.2	0.2	0.2	0.2	0.2	0.2	0.2	0.2	0.2	0.2	0.2	0.2	0.2	0.2	0.2	0.2	0.2	0.2	0.2	0.2	0.2	0.2	0.2	0.2	0.2	0.2	0.2	0.2	0.2	0.2	0.2	0.2	0.2	0.2	0.2	0.2																																																																																																																																																									
0.2	0.2	0.2	0.2	0.2	0.2	0.2	0.2	0.2	0.2	0.2	0.2	0.2	0.2	0.2	0.2	0.2	0.2	0.2	0.2	0.2	0.2	0.2	0.2	0.2	0.2	0.2	0.2	0.2	0.2	0.2	0.2	0.2	0.2	0.2	0.2	0.2	0.2	0.2	0.2	0.2	0.2	0.2	0.2	0.2	0.2																																																																																																																																																									
0.2	0.2	0.2	0.2	0.2	0.2	0.2	0.2	0.2	0.2	0.2	0.2	0.2	0.2	0.2	0.2	0.2	0.2	0.2	0.2	0.2	0.2	0.2	0.2	0.2	0.2	0.2	0.2	0.2	0.2	0.2	0.2	0.2	0.2	0.2	0.2	0.2	0.2	0.2	0.2	0.2	0.2	0.2	0.2	0.2	0.2																																																																																																																																																									
0.2	0.2	0.2	0.2	0.2	0.2	0.2	0.2	0.2	0.2	0.2	0.2	0.2	0.2	0.2	0.2	0.2	0.2	0.2	0.2	0.2	0.2	0.2	0.2	0.2	0.2	0.2	0.2	0.2	0.2	0.2	0.2	0.2	0.2	0.2	0.2	0.2	0.2	0.2	0.2	0.2	0.2	0.2	0.2	0.2	0.2																																																																																																																																																									
0.2	0.2	0.2	0.2	0.2	0.2	0.2	0.2	0.2	0.2	0.2	0.2	0.2	0.2	0.2	0.2	0.2	0.2	0.2	0.2	0.2	0.2	0.2	0.2	0.2	0.2	0.2	0.2	0.2	0.2	0.2	0.2	0.2	0.2	0.2	0.2	0.2	0.2	0.2	0.2	0.2	0.2	0.2	0.2	0.2	0.2																																																																																																																																																									
# Weight																																																																																																																																																																																																						
0.123	0.112	0.082	0.08	0.099	0.087	0.088	0.082	0.068	0.072	0.161	0.135	0.099	0.066	0.117	0.076	0.049	0.165	0.118	0.157	0.16	0.121	0.256	0.231	0.149	0.125	0.204	0.152	0.173	0.225	0.114	0.14	0.179	0.096	0.115	0.178	0.177	0.065	0.166	0.173	0.13	0.161	0.105	0.14	0.126	0.135																																																																																																																																																									
0.216	0.178	0.153	0.139	0.152	0.153	0.147	0.14	0.132	0.139	0.18	0.229	0.267	0.215	0.197	0.198	0.126	0.196	0.249	0.224	0.292	0.258	0.237	0.307	0.273	0.227	0.258	0.264	0.256	0.29	0.256	0.216	0.247	0.241	0.202	0.225	0.241	0.255	0.186	0.251	0.246	0.235	0.269	0.208	0.253	0.227																																																																																																																																																									
0.314	0.269	0.233	0.214	0.233	0.238	0.227	0.219	0.207	0.22	0.29	0.389	0.386	0.444	0.413	0.404	0.295	0.254	0.414	0.352	0.38	0.423	0.37	0.38	0.37	0.327	0.328	0.402	0.36	0.386	0.393	0.346	0.349	0.363	0.33	0.337	0.352	0.329	0.362	0.367	0.358	0.349	0.369	0.386	0.348	0.388																																																																																																																																																									
0.41	0.358	0.312	0.288	0.314	0.322	0.308	0.298	0.282	0.303	0.365	0.491	0.569	0.562	0.563	0.566	0.502	0.413	0.417	0.458	0.451	0.505	0.49	0.446	0.442	0.427	0.408	0.433	0.482	0.476	0.481	0.458	0.463	0.441	0.431	0.437	0.431	0.429	0.431	0.465	0.461	0.454	0.468	0.46	0.464	0.441																																																																																																																																																									
0.499	0.44	0.386	0.356	0.39	0.4	0.383	0.372	0.353	0.379	0.437	0.518	0.592	0.626	0.62	0.617	0.609	0.562	0.512	0.47	0.515	0.557	0.581	0.549	0.493	0.469	0.497	0.495	0.515	0.564	0.55	0.542	0.536	0.524	0.486	0.507	0.521	0.5	0.504	0.53	0.519	0.537	0.534	0.546	0.526	0.544																																																																																																																																																									
0.577	0.513	0.45	0.417	0.457	0.469	0.449	0.438	0.416	0.447	0.514	0.554	0.606	0.638	0.691	0.663	0.642	0.681	0.635	0.558	0.541	0.583	0.624	0.624	0.558	0.527	0.518	0.58	0.563	0.571	0.599	0.612	0.589	0.594	0.584	0.576	0.573	0.585	0.544	0.585	0.597	0.57	0.619	0.575	0.62	0.577																																																																																																																																																									
0.642	0.575	0.505	0.468	0.513	0.529	0.506	0.494	0.47	0.506	0.572	0.616	0.637	0.654	0.697	0.727	0.677	0.71	0.763	0.686	0.634	0.618	0.646	0.636	0.622	0.579	0.57	0.582	0.627	0.615	0.632	0.651	0.654	0.638	0.631	0.664	0.664	0.623	0.636	0.615	0.637	0.643	0.628	0.682	0.64	0.694																																																																																																																																																									
0.698	0.626	0.552	0.511	0.561	0.577	0.554	0.541	0.515	0.556	0.619	0.668	0.678	0.689	0.698	0.723	0.714	0.736	0.783	0.785	0.716	0.71	0.669	0.7	0.658	0.64	0.625	0.627	0.649	0.7	0.65	0.692	0.688	0.675	0.667	0.726	0.74	0.679	0.666	0.682	0.625	0.628	0.638	0.651	0.7	0.684																																																																																																																																																									
0.702	0.668	0.589	0.547	0.6	0.619	0.592	0.579	0.551	0.596	0.652	0.704	0.747	0.714	0.713	0.713	0.707	0.775	0.817	0.843	0.79	0.77	0.738	0.695	0.701	0.685	0.689	0.689	0.694	0.692	0.739	0.697	0.708	0.715	0.682	0.748	0.752	0.731	0.682	0.722	0.718	0.644	0.662	0.626	0.647	0.672																																																																																																																																																									
0.753	0.683	0.587	0.589	0.733	0.628	0.649	0.6	0.59	0.703	0.697	0.769	0.743	0.756	0.74	0.727	0.709	0.866	0.844	0.892	0.876	0.884	0.863	0.816	0.694	0.724	0.714	0.799	0.845	0.751	0.716	0.769	0.704	0.775	0.696	0.68	0.68	0.665	0.679	0.692	0.733	0.775	0.667	0.71	0.689	0.689																																																																																																																																																									
# propMature																																																																																																																																																																																																						
0.288	0.288	0.288	0.288	0.288	0.288	0.288	0.163	0.204	0.049	0.429	0.368	0.231	0.123	0.015	0.378	0.01	0.402	0.422	0.442	0.395	0.349	0.283	0.216	0.229	0.229	0.229	0.242	0.195	0.132	0.068	0.117	0.459	0.43	0.306	0.241	0.138	0.088	0.253	0.081	0.21	0.029	0.025	0.255	0.21	0.165																																																																																																																																																									
0.495	0.495	0.495	0.495	0.495	0.495	0.495	0.857	0.785	0.841	0.907	0.593	0.972	0.984	0.995	0.654	0.503	0.879	0.847	0.815	0.904	0.992	0.937	0.881	0.807	0.807	0.807	0.733	0.736	0.83	0.925	0.766	0.908	0.929	0.949	0.953	0.855	0.624	0.847	0.922	0.793	0.854	0.615	0.86	0.873	0.886																																																																																																																																																									
0.705	0.705	0.705	0.705	0.705	0.705	0.705	0.995	0.981	0.998	0.992	0.785	1	1	1	0.854	0.99	0.988	0.974	0.961	0.98	1	0.998	0.995	0.977	0.977	0.977	0.959	0.97	0.985	1	0.988	0.991	0.996	0.999	0.999	0.995	0.966	0.989	0.999	0.982	0.999	0.99	0.991	0.994	0.997																																																																																																																																																									
0.853	0.853	0.853	0.853	0.853	0.853	0.853	1	0.999	1	0.999	0.902	1	1	1	0.948	1	0.999	0.996	0.993	0.996	1	1	1	0.997	0.997	0.997	0.995	0.997	0.999	1	1	0.999	1	1	1	1	0.998	0.999	1	0.999	1	1	0.999	1	1																																																																																																																																																									
0.934	0.934	0.934	0.934	0.934	0.934	0.934	1	1	1	1	0.958	1	1	1	0.983	1	1	0.999	0.999	0.999	1	1	1	1	1	1	0.999	1	1	1	1	1	1	1	1	1	1	1	1	1	1	1	1	1	1																																																																																																																																																									
0.972	0.972	0.972	0.972	0.972	0.972	0.972	1	1	1	1	0.983	1	1	1	0.994	1	1	1	1	1	1	1	1	1	1	1	1	1	1	1	1	1	1	1	1	1	1	1	1	1	1	1	1	1	1																																																																																																																																																									
0.988	0.988	0.988	0.988	0.988	0.988	0.988	1	1	1	1	0.993	1	1	1	0.998	1	1	1	1	1	1	1	1	1	1	1	1	1	1	1	1	1	1	1	1	1	1	1	1	1	1	1	1	1	1																																																																																																																																																									
0.995	0.995	0.995	0.995	0.995	0.995	0.995	1	1	1	1	0.997	1	1	1	0.999	1	1	1	1	1	1	1	1	1	1	1	1	1	1	1	1	1	1	1	1	1	1	1	1	1	1	1	1	1	1																																																																																																																																																									
0.998	0.998	0.998	0.998	0.998	0.998	0.998	1	1	1	1	0.999	1	1	1	1	1	1	1	1	1	1	1	1	1	1	1	1	1	1	1	1	1	1	1	1	1	1	1	1	1	1	1	1	1	1																																																																																																																																																									
0.999	0.999	0.999	0.999	0.999	0.999	0.999	1	1	1	1	1	1	1	1	1	1	1	1	1	1	1	1	1	1	1	1	1	1	1	1	1	1	1	1	1	1	1	1	1	1	1	1	1	1	1																																																																																																																																																									
# ys																																																																																																																																																																																																						
1979	1980	1981	1982	1983	1984	1985	1986	1987	1988	1989	1990	1991	1992	1993	1994	1995	1996	1997	1998	1999	2000	2001	2002	2003	2004	2005	2006	2007	2008	2009	2010	2011	2012	2013																																																																																																																																																																				
# as																																																																																																																																																																																																						
1	2	3	4	5	6	7	8	9	10																																																																																																																																																																																													
# Stime																																																																																																																																																																																																						
0.5																																																																																																																																																																																																						
# S																																																																																																																																																																																																						
820554000	-1	-1	-1	342591000	726183000	1217178000	1754052000	872703000	739208000	757877000	725415000	1284928000	796459000	935545000	467261000	-1	123464000	-1	105801000	-1	161573000	-1	389007000	307091000	162802000	87959000	-1000	76532000	99631000	73743000	25960000	35714000	14568000	68547000																																																																																																																																																																				
# WeightS																																																																																																																																																																																																						
0.19	0.146	0.114	0.152	0.098	0.098	0.203	0.163	0.214	0.203	0.169	0.28	0.251	0.184	0.18	0.232	0.197	0.224	0.24	0.157	0.186	0.208	0.139	0.161	0.207	0.212	0.11	0.204	0.206	0.175	0.208	0.148	0.188	0.169	0.175																																																																																																																																																																				
0.272	0.376	0.315	0.34	0.257	0.162	0.393	0.306	0.309	0.398	0.329	0.331	0.336	0.297	0.28	0.371	0.3	0.333	0.375	0.273	0.298	0.328	0.28	0.294	0.314	0.281	0.306	0.316	0.308	0.293	0.316	0.348	0.293	0.339	0.305																																																																																																																																																																				
0.531	0.548	0.523	0.541	0.479	0.338	0.399	0.435	0.405	0.467	0.45	0.416	0.435	0.408	0.361	0.384	0.435	0.433	0.448	0.412	0.439	0.409	0.401	0.389	0.387	0.394	0.385	0.429	0.427	0.416	0.416	0.431	0.428	0.414	0.444																																																																																																																																																																				
0.567	0.609	0.577	0.606	0.593	0.525	0.505	0.436	0.483	0.502	0.545	0.534	0.478	0.449	0.446	0.461	0.488	0.535	0.524	0.517	0.509	0.488	0.475	0.464	0.49	0.48	0.466	0.482	0.503	0.497	0.495	0.527	0.491	0.503	0.469																																																																																																																																																																				
0.579	0.617	0.643	0.666	0.628	0.625	0.601	0.52	0.506	0.549	0.619	0.62	0.564	0.508	0.489	0.554	0.532	0.543	0.594	0.577	0.569	0.564	0.562	0.498	0.554	0.554	0.52	0.544	0.582	0.536	0.58	0.575	0.565	0.563	0.589																																																																																																																																																																				
0.603	0.635	0.66	0.743	0.659	0.657	0.742	0.671	0.599	0.579	0.618	0.628	0.627	0.552	0.547	0.549	0.607	0.595	0.601	0.603	0.649	0.61	0.625	0.607	0.667	0.593	0.618	0.569	0.629	0.612	0.605	0.661	0.574	0.68	0.592																																																																																																																																																																				
0.652	0.672	0.674	0.737	0.712	0.696	0.767	0.784	0.701	0.67	0.66	0.676	0.644	0.616	0.607	0.594	0.616	0.647	0.635	0.665	0.703	0.658	0.668	0.637	0.726	0.661	0.654	0.655	0.665	0.644	0.675	0.652	0.704	0.713	0.709																																																																																																																																																																				
0.714	0.705	0.707	0.722	0.709	0.715	0.779	0.8	0.785	0.732	0.753	0.678	0.724	0.672	0.664	0.643	0.661	0.684	0.757	0.666	0.719	0.674	0.693	0.666	0.828	0.754	0.698	0.679	0.711	0.587	0.612	0.602	0.649	0.696	0.657																																																																																																																																																																				
0.752	0.781	0.723	0.719	0.705	0.705	0.84	0.856	0.888	0.795	0.81	0.724	0.712	0.678	0.699	0.714	0.738	0.729	0.7	0.721	0.73	0.697	0.758	0.671	0.839	0.682	0.708	0.667	0.767	0.724	0.707	0.716	0.65	0.645	0.648																																																																																																																																																																				
0.769	0.743	0.756	0.74	0.727	0.709	0.866	0.844	0.892	0.876	0.884	0.863	0.816	0.694	0.724	0.714	0.799	0.845	0.751	0.716	0.769	0.704	0.775	0.696	0.68	0.68	0.665	0.679	0.692	0.733	0.775	0.667	0.71	0.689	0.689																																																																																																																																																																				
# env1																																																																																																																																																																																																						
0	0	0	-3.09	-0.21	-0.77	-0.65	-2.34	-1.06	-1.01	2.07	2.93	0.78	2.01	1.54	-0.09	2.02	0.61	0.89	2.23	2.35	1.69	-0.63	-1.7	-0.63	-0.61	0.67	0.73	-1.52	0.06	-0.87	0.38	-0.8	-0.33	1.19	1.71	0.5	0.73	-1.02	0.15	0.91	-0.75	-4.28	-2.6	-1.2	-1.51																																																																																																																																																									
# env2																																																																																																																																																																																																						
0	0	0	0	0	0	0	0	0	0	0	0	0	0	0	0	0	0	0	0	0	0	0	0	0	0	0	0	0	0	0	0	0	0	0	0	0	0	0	0	0	0	0	0	0	0																																																																																																																																																									
# state																																																																																																																																																																																																						
1																																																																																																																																																																																																						
# rec																																																																																																																																																																																																						
5																																																																																																																																																																																																						
# recDist																																																																																																																																																																																																						
0																																																																																																																																																																																																						
# logsd_logC																																																																																																																																																																																																						
-4.605170186																																																																																																																																																																																																						
# f																																																																																																																																																																																																						
0	0.005012542	0.01005034	0.01511364	0.02020271	0.02531781	0.03045921	0.03562718	0.04082199	0.04604394	0.05129329	0.05657035	0.0618754	0.06720875	0.07257069	0.07796154	0.08338161	0.08883121	0.09431068	0.09982034	0.10536052	0.11093156	0.11653382	0.12216763	0.12783337	0.13353139	0.13926207	0.14502577	0.15082289	0.15665381	0.16251893	0.16841865	0.17435339	0.18032355	0.18632958	0.19237189	0.19845094	0.20456717	0.21072103	0.216913	0.22314355	0.22941316	0.23572233	0.24207156	0.24846136	0.25489225	0.26136476	0.26787945	0.27443685	0.28103753	0.28768207	0.29437106	0.30110509	0.30788478	0.31471074	0.32158362	0.32850407	0.33547274	0.34249031	0.34955748	0.35667494	0.36384343	0.37106368	0.37833644	0.38566248	0.39304259	0.40047757	0.40796824	0.41551544	0.42312004	0.43078292	0.43850496	0.4462871	0.4541303	0.4620355	0.4700036	0.4780358	0.486133	0.4942963	0.5025268	0.5108256	0.5191939	0.5276327	0.5361434	0.5447272	0.5533852	0.5621189	0.5709295	0.5798185	0.5887872	0.597837	0.6069695	0.6161861	0.6254885	0.6348783	0.644357	0.6539265	0.6635884	0.6733446	0.6831968	0.6931472	0.7031975	0.7133499	0.7236064	0.7339692	0.7444405	0.7550226	0.7657179	0.7765288	0.7874579	0.7985077	0.809681	0.8209806	0.8324092	0.8439701	0.8556661	0.8675006	0.8794768	0.8915981	0.9038682	0.9162907	0.9288695	0.9416085	0.9545119	0.967584	0.9808293	0.9942523	1.0078579	1.0216512	1.0356375	1.0498221	1.0642109	1.0788097	1.0936247	1.1086626	1.1239301	1.1394343	1.1551826	1.171183	1.1874435	1.2039728	1.2207799	1.2378744	1.2552661	1.2729657	1.2909842	1.3093333	1.3280255	1.3470736	1.3664917	1.3862944	1.4064971	1.4271164	1.4481698	1.469676	1.4916549	1.5141277	1.5371173	1.5606477	1.5847453	1.6094379	1.6347557	1.6607312	1.6873995	1.7147984	1.7429693	1.7719568	1.8018098	1.8325815	1.8643302	1.89712	1.9310215	1.9661129	2.0024805	2.0402208	2.0794415	2.1202635	2.1628232	2.2072749	2.2537949	2.3025851	2.3538784	2.4079456	2.465104	2.5257286	2.5902672	2.65926	2.733368	2.8134107	2.9004221	2.9957323	3.1010928	3.2188758	3.3524072	3.5065579	3.6888795	3.912023	4.1997051	4.6051702
